AstroDataset Training Set - Toplam Örnek Sayısı: 300
AstroDataset Validation Set - Toplam Örnek Sayısı: 50
AstroDataset Test Set - Toplam Örnek Sayısı: 50
LineDataset Training Set - Toplam Örnek Sayısı: 300
LineDataset Validation Set - Toplam Örnek Sayısı: 50
LineDataset Test Set - Toplam Örnek Sayısı: 50

AstroDataset Training Set - İlk 5 veri:
Örnek 1:
Set Name: AstroDataset Training Set
Image Tensor Shape: torch.Size([1, 512, 512])
Target Boxes: tensor([[508.,  21., 512.,  25.],
        [200.,  50., 212.,  62.],
        [185.,  59., 191.,  65.],
        [394.,  90., 398.,  94.],
        [360.,  83., 376.,  99.],
        [265., 112., 269., 116.],
        [407., 115., 409., 117.],
        [425., 116., 429., 120.],
        [386., 122., 390., 126.],
        [445., 144., 449., 148.],
        [381., 170., 385., 174.],
        [ 93., 179.,  95., 181.],
        [ 74., 183.,  80., 189.],
        [309., 188., 311., 190.],
        [ 23., 234.,  27., 238.],
        [ 65., 259.,  71., 265.],
        [399., 299., 403., 303.],
        [ 28., 355.,  32., 359.],
        [394., 355., 398., 359.],
        [395., 359., 397., 361.],
        [276., 388., 280., 392.],
        [ 57., 401.,  61., 405.],
        [207., 407., 211., 411.],
        [416., 421., 420., 425.],
        [153., 477., 155., 479.],
        [474., 496., 480., 502.]])
Target Labels: tensor([1, 1, 1, 1, 1, 1, 1, 1, 1, 1, 1, 1, 1, 1, 1, 1, 1, 1, 1, 1, 1, 1, 1, 1,
        1, 1])
Boxes dtype: torch.float32
Labels dtype: torch.int64
------------------------------
Örnek 2:
Set Name: AstroDataset Training Set
Image Tensor Shape: torch.Size([1, 512, 512])
Target Boxes: tensor([[130.,  36., 138.,  44.],
        [188.,  84., 190.,  86.],
        [205., 196., 209., 200.],
        [253., 248., 255., 250.],
        [  3., 388.,  21., 406.],
        [118., 395., 160., 437.]])
Target Labels: tensor([1, 1, 1, 1, 1, 1])
Boxes dtype: torch.float32
Labels dtype: torch.int64
------------------------------
Örnek 3:
Set Name: AstroDataset Training Set
Image Tensor Shape: torch.Size([1, 512, 512])
Target Boxes: tensor([[131.,  39., 135.,  43.],
        [141.,  12., 179.,  50.],
        [117.,  84., 121.,  88.],
        [ 64., 151.,  70., 157.],
        [260., 258., 266., 264.],
        [ 25., 227.,  65., 267.],
        [202., 278., 206., 282.],
        [272., 277., 288., 293.],
        [363., 310., 367., 314.],
        [450., 352., 462., 364.],
        [174., 363., 178., 367.],
        [  0., 359.,   7., 369.],
        [357., 374., 361., 378.],
        [424., 444., 428., 448.],
        [424., 445., 430., 451.],
        [446., 443., 454., 451.],
        [281., 488., 289., 496.]])
Target Labels: tensor([1, 1, 1, 1, 1, 1, 1, 1, 1, 1, 1, 1, 1, 1, 1, 1, 1])
Boxes dtype: torch.float32
Labels dtype: torch.int64
------------------------------
Örnek 4:
Set Name: AstroDataset Training Set
Image Tensor Shape: torch.Size([1, 512, 512])
Target Boxes: tensor([[302.,  85., 306.,  89.],
        [169., 136., 189., 156.],
        [294., 167., 298., 171.],
        [  5., 147.,  43., 185.],
        [313., 221., 353., 261.],
        [460., 261., 466., 267.],
        [335., 291., 337., 293.],
        [348., 437., 352., 441.],
        [144., 438., 148., 442.],
        [113., 448., 117., 452.],
        [ 25., 460.,  33., 468.]])
Target Labels: tensor([1, 1, 1, 1, 1, 1, 1, 1, 1, 1, 1])
Boxes dtype: torch.float32
Labels dtype: torch.int64
------------------------------
Örnek 5:
Set Name: AstroDataset Training Set
Image Tensor Shape: torch.Size([1, 512, 512])
Target Boxes: tensor([[453., 139., 455., 141.],
        [478., 151., 512., 187.],
        [405., 205., 425., 225.],
        [281., 235., 283., 237.],
        [240., 426., 258., 444.]])
Target Labels: tensor([1, 1, 1, 1, 1])
Boxes dtype: torch.float32
Labels dtype: torch.int64
------------------------------

AstroDataset Validation Set - İlk 5 veri:
Örnek 1:
Set Name: AstroDataset Validation Set
Image Tensor Shape: torch.Size([1, 512, 512])
Target Boxes: tensor([[155.,  37., 171.,  53.],
        [252., 275., 256., 279.],
        [241., 291., 283., 333.],
        [308., 404., 320., 416.]])
Target Labels: tensor([1, 1, 1, 1])
Boxes dtype: torch.float32
Labels dtype: torch.int64
------------------------------
Örnek 2:
Set Name: AstroDataset Validation Set
Image Tensor Shape: torch.Size([1, 512, 512])
Target Boxes: tensor([[493.,   0., 503.,   8.],
        [ 80.,   2.,  96.,  18.],
        [469.,  97., 471.,  99.],
        [362.,  91., 374., 103.],
        [124., 138., 128., 142.],
        [321., 201., 323., 203.],
        [239., 212., 243., 216.],
        [132., 222., 136., 226.],
        [438., 230., 448., 240.],
        [244., 239., 248., 243.],
        [502., 264., 510., 272.],
        [227., 247., 261., 281.],
        [303., 308., 307., 312.],
        [256., 399., 282., 425.],
        [471., 421., 481., 431.],
        [ 19., 428.,  31., 440.]])
Target Labels: tensor([1, 1, 1, 1, 1, 1, 1, 1, 1, 1, 1, 1, 1, 1, 1, 1])
Boxes dtype: torch.float32
Labels dtype: torch.int64
------------------------------
Örnek 3:
Set Name: AstroDataset Validation Set
Image Tensor Shape: torch.Size([1, 512, 512])
Target Boxes: tensor([[209.,   0., 211.,   2.],
        [423.,   0., 435.,  10.],
        [232.,  21., 246.,  35.],
        [214.,  91., 216.,  93.],
        [271.,  60., 303.,  92.],
        [116., 122., 122., 128.],
        [413., 127., 415., 129.],
        [373., 126., 379., 132.],
        [373., 131., 377., 135.],
        [ 29., 150.,  35., 156.],
        [492., 171., 496., 175.],
        [292., 178., 300., 186.],
        [ 26., 192.,  34., 200.],
        [234., 209., 240., 215.],
        [111., 244., 115., 248.],
        [ 78., 252.,  82., 256.],
        [434., 260., 438., 264.],
        [454., 270., 456., 272.],
        [295., 304., 297., 306.],
        [  0., 311.,   3., 315.],
        [198., 313., 200., 315.],
        [208., 331., 214., 337.],
        [376., 331., 382., 337.],
        [ 82., 331.,  94., 343.],
        [ 78., 379.,  80., 381.],
        [320., 420., 326., 426.],
        [493., 401., 512., 427.],
        [487., 422., 495., 430.],
        [140., 441., 142., 443.],
        [ 12., 477.,  14., 479.],
        [122., 475., 126., 479.],
        [  2., 481.,   4., 483.],
        [ 26., 508.,  28., 510.]])
Target Labels: tensor([1, 1, 1, 1, 1, 1, 1, 1, 1, 1, 1, 1, 1, 1, 1, 1, 1, 1, 1, 1, 1, 1, 1, 1,
        1, 1, 1, 1, 1, 1, 1, 1, 1])
Boxes dtype: torch.float32
Labels dtype: torch.int64
------------------------------
Örnek 4:
Set Name: AstroDataset Validation Set
Image Tensor Shape: torch.Size([1, 512, 512])
Target Boxes: tensor([[120.,  42., 124.,  46.],
        [ 26.,  70.,  36.,  80.],
        [434., 184., 436., 186.],
        [415., 360., 449., 394.],
        [188., 372., 212., 396.],
        [149., 398., 155., 404.],
        [320., 431., 322., 433.],
        [321., 483., 327., 489.]])
Target Labels: tensor([1, 1, 1, 1, 1, 1, 1, 1])
Boxes dtype: torch.float32
Labels dtype: torch.int64
------------------------------
Örnek 5:
Set Name: AstroDataset Validation Set
Image Tensor Shape: torch.Size([1, 512, 512])
Target Boxes: tensor([[120.,  42., 124.,  46.],
        [ 26.,  70.,  36.,  80.],
        [434., 184., 436., 186.],
        [415., 360., 449., 394.],
        [188., 372., 212., 396.],
        [149., 398., 155., 404.],
        [320., 431., 322., 433.],
        [321., 483., 327., 489.]])
Target Labels: tensor([1, 1, 1, 1, 1, 1, 1, 1])
Boxes dtype: torch.float32
Labels dtype: torch.int64
------------------------------

AstroDataset Test Set - İlk 5 veri:
Örnek 1:
Set Name: AstroDataset Test Set
Image Tensor Shape: torch.Size([1, 512, 512])
Target Boxes: tensor([[ 88.,   0.,  94.,   4.],
        [406.,  19., 410.,  23.],
        [450.,  56., 458.,  64.],
        [235.,  61., 241.,  67.],
        [263.,  67., 275.,  79.],
        [355.,  79., 357.,  81.],
        [ 21.,  77.,  31.,  87.],
        [432.,  97., 436., 101.],
        [212., 105., 220., 113.],
        [  6., 115.,   8., 117.],
        [468., 144., 474., 150.],
        [283., 148., 287., 152.],
        [211., 146., 221., 156.],
        [422., 165., 426., 169.],
        [127., 177., 129., 179.],
        [264., 179., 268., 183.],
        [ 20., 181.,  24., 185.],
        [408., 186., 412., 190.],
        [297., 200., 307., 210.],
        [475., 210., 479., 214.],
        [413., 210., 429., 226.],
        [  0., 225.,  17., 243.],
        [ 87., 253.,  97., 263.],
        [440., 265., 446., 271.],
        [149., 312., 155., 318.],
        [160., 319., 166., 325.],
        [243., 316., 253., 326.],
        [504., 334., 510., 340.],
        [428., 351., 434., 357.],
        [356., 364., 360., 368.],
        [444., 382., 450., 388.],
        [466., 389., 470., 393.],
        [266., 387., 274., 395.],
        [182., 407., 196., 421.],
        [269., 456., 271., 458.],
        [321., 461., 323., 463.],
        [185., 467., 193., 475.]])
Target Labels: tensor([1, 1, 1, 1, 1, 1, 1, 1, 1, 1, 1, 1, 1, 1, 1, 1, 1, 1, 1, 1, 1, 1, 1, 1,
        1, 1, 1, 1, 1, 1, 1, 1, 1, 1, 1, 1, 1])
Boxes dtype: torch.float32
Labels dtype: torch.int64
------------------------------
Örnek 2:
Set Name: AstroDataset Test Set
Image Tensor Shape: torch.Size([1, 512, 512])
Target Boxes: tensor([[286.,   6., 290.,  10.],
        [104.,  46., 108.,  50.],
        [475.,  65., 479.,  69.],
        [218.,  69., 222.,  73.],
        [452.,  52., 472.,  72.],
        [ 78.,  86.,  82.,  90.],
        [ 45., 103.,  49., 107.],
        [295., 138., 299., 142.],
        [219., 184., 223., 188.],
        [ 19., 188.,  23., 192.],
        [435., 204., 437., 206.],
        [141., 214., 151., 224.],
        [262., 250., 266., 254.],
        [372., 288., 376., 292.],
        [505., 304., 509., 308.],
        [ 66., 375.,  68., 377.],
        [506., 381., 512., 387.],
        [113., 381., 121., 389.],
        [104., 395., 114., 405.],
        [216., 406., 220., 410.],
        [ 98., 406., 104., 412.],
        [314., 404., 322., 412.],
        [ 71., 419.,  79., 427.],
        [286., 431., 288., 433.],
        [421., 453., 449., 481.],
        [ 90., 479.,  94., 483.],
        [310., 479., 320., 489.],
        [  0., 484.,  10., 500.]])
Target Labels: tensor([1, 1, 1, 1, 1, 1, 1, 1, 1, 1, 1, 1, 1, 1, 1, 1, 1, 1, 1, 1, 1, 1, 1, 1,
        1, 1, 1, 1])
Boxes dtype: torch.float32
Labels dtype: torch.int64
------------------------------
Örnek 3:
Set Name: AstroDataset Test Set
Image Tensor Shape: torch.Size([1, 512, 512])
Target Boxes: tensor([[199.,   9., 203.,  13.],
        [148.,  18., 152.,  22.],
        [ 25.,  23.,  31.,  29.],
        [157.,  26., 165.,  34.],
        [208.,  28., 214.,  34.],
        [278.,  29., 286.,  37.],
        [ 53.,  39.,  57.,  43.],
        [253.,  41., 257.,  45.],
        [343.,  49., 355.,  61.],
        [448.,  64., 452.,  68.],
        [361.,  75., 375.,  89.],
        [333.,  92., 337.,  96.],
        [ 64., 102.,  70., 108.],
        [421., 118., 429., 126.],
        [ 94., 127., 100., 133.],
        [459., 146., 465., 152.],
        [ 67., 151.,  69., 153.],
        [ 76., 148.,  84., 156.],
        [ 56., 154.,  62., 160.],
        [251., 159., 259., 167.],
        [331., 161., 339., 169.],
        [206., 240., 210., 244.],
        [ 67., 274.,  71., 278.],
        [417., 261., 437., 281.],
        [478., 318., 488., 328.],
        [334., 366., 340., 372.],
        [ 30., 390.,  42., 402.],
        [151., 403., 157., 409.],
        [343., 408., 351., 416.],
        [338., 420., 346., 428.],
        [267., 429., 273., 435.],
        [407., 442., 415., 450.],
        [ 72., 452.,  76., 456.],
        [503., 477., 511., 485.],
        [335., 494., 339., 498.]])
Target Labels: tensor([1, 1, 1, 1, 1, 1, 1, 1, 1, 1, 1, 1, 1, 1, 1, 1, 1, 1, 1, 1, 1, 1, 1, 1,
        1, 1, 1, 1, 1, 1, 1, 1, 1, 1, 1])
Boxes dtype: torch.float32
Labels dtype: torch.int64
------------------------------
Örnek 4:
Set Name: AstroDataset Test Set
Image Tensor Shape: torch.Size([1, 512, 512])
Target Boxes: tensor([[308.,  36., 316.,  44.],
        [135.,  65., 139.,  69.],
        [198.,  99., 202., 103.],
        [362., 101., 374., 113.],
        [485., 135., 491., 141.],
        [ 58., 137.,  62., 141.],
        [367., 192., 371., 196.],
        [495., 216., 503., 224.],
        [230., 236., 234., 240.],
        [415., 240., 421., 246.],
        [ 94., 249.,  98., 253.],
        [161., 251., 165., 255.],
        [452., 271., 458., 277.],
        [414., 269., 432., 287.],
        [149., 286., 153., 290.],
        [269., 295., 273., 299.],
        [327., 295., 333., 301.],
        [448., 331., 454., 337.],
        [475., 315., 499., 339.],
        [194., 350., 200., 356.],
        [454., 367., 462., 375.],
        [126., 389., 134., 397.],
        [107., 399., 113., 405.],
        [235., 405., 245., 415.],
        [195., 421., 201., 427.],
        [491., 430., 495., 434.],
        [393., 436., 403., 446.],
        [106., 440., 116., 450.],
        [392., 468., 400., 476.]])
Target Labels: tensor([1, 1, 1, 1, 1, 1, 1, 1, 1, 1, 1, 1, 1, 1, 1, 1, 1, 1, 1, 1, 1, 1, 1, 1,
        1, 1, 1, 1, 1])
Boxes dtype: torch.float32
Labels dtype: torch.int64
------------------------------
Örnek 5:
Set Name: AstroDataset Test Set
Image Tensor Shape: torch.Size([1, 512, 512])
Target Boxes: tensor([[218.,  16., 226.,  24.],
        [441.,  61., 443.,  63.],
        [370.,  76., 374.,  80.],
        [314.,  88., 318.,  92.],
        [390., 109., 394., 113.],
        [ 14., 114.,  24., 124.],
        [163., 127., 171., 135.],
        [ 46., 135.,  52., 141.],
        [285., 150., 291., 156.],
        [237., 178., 241., 182.],
        [291., 185., 301., 195.],
        [ 37., 200.,  41., 204.],
        [434., 210., 438., 214.],
        [ 45., 214.,  49., 218.],
        [270., 241., 280., 251.],
        [232., 250., 240., 258.],
        [302., 256., 306., 260.],
        [407., 276., 419., 288.],
        [  0., 328.,   9., 338.],
        [320., 354., 324., 358.],
        [ 39., 356.,  43., 360.],
        [368., 338., 396., 366.],
        [ 61., 374.,  69., 382.],
        [265., 443., 269., 447.],
        [255., 463., 261., 469.],
        [ 95., 480.,  99., 484.],
        [304., 478., 312., 486.],
        [152., 498., 170., 512.]])
Target Labels: tensor([1, 1, 1, 1, 1, 1, 1, 1, 1, 1, 1, 1, 1, 1, 1, 1, 1, 1, 1, 1, 1, 1, 1, 1,
        1, 1, 1, 1])
Boxes dtype: torch.float32
Labels dtype: torch.int64
------------------------------

LineDataset Training Set - İlk 5 veri:
Örnek 1:
Set Name: LineDataset Training Set
Image Tensor Shape: torch.Size([1, 2048, 2048])
Target Boxes: tensor([[1.0730e+03, 3.3300e+02, 1.1370e+03, 5.1800e+02],
        [1.0240e+03, 1.7640e+03, 1.0880e+03, 1.9490e+03],
        [7.4200e+02, 1.9430e+03, 8.0600e+02, 2.0480e+03],
        [9.2400e+02, 1.2850e+03, 9.8800e+02, 1.4700e+03],
        [7.1600e+02, 1.1310e+03, 7.8000e+02, 1.3160e+03],
        [1.2600e+03, 1.2700e+02, 1.3240e+03, 3.1200e+02],
        [1.8800e+03, 6.1900e+02, 1.9440e+03, 8.0400e+02],
        [8.8300e+02, 6.7400e+02, 9.4700e+02, 8.5900e+02],
        [7.7600e+02, 1.8490e+03, 8.4000e+02, 2.0340e+03],
        [5.1000e+02, 2.0000e+00, 5.7400e+02, 1.8700e+02],
        [1.6130e+03, 7.2100e+02, 1.6770e+03, 9.0600e+02],
        [1.7150e+03, 8.4000e+02, 1.7790e+03, 1.0250e+03],
        [1.4160e+03, 8.1900e+02, 1.4800e+03, 1.0040e+03],
        [1.0800e+03, 2.2200e+02, 1.1440e+03, 4.0700e+02],
        [9.1300e+02, 5.8300e+02, 9.7700e+02, 7.6800e+02],
        [1.2480e+03, 7.6800e+02, 1.3120e+03, 9.5300e+02],
        [1.5000e+01, 1.6940e+03, 7.9000e+01, 1.8790e+03],
        [9.9700e+02, 2.2700e+02, 1.0610e+03, 4.1200e+02],
        [8.1800e+02, 1.1450e+03, 8.8200e+02, 1.3300e+03],
        [2.8500e+02, 1.8700e+02, 3.4900e+02, 3.7200e+02],
        [2.9900e+02, 4.4800e+02, 3.6300e+02, 6.3300e+02],
        [1.7010e+03, 5.4000e+01, 1.7650e+03, 2.3900e+02],
        [4.3200e+02, 2.4200e+02, 4.9600e+02, 4.2700e+02],
        [1.3620e+03, 8.8900e+02, 1.4260e+03, 1.0740e+03],
        [6.2200e+02, 1.3460e+03, 6.8600e+02, 1.5310e+03],
        [3.4800e+02, 7.2600e+02, 4.1200e+02, 9.1100e+02],
        [3.7300e+02, 7.2200e+02, 4.3700e+02, 9.0700e+02],
        [6.0900e+02, 4.9000e+02, 6.7300e+02, 6.7500e+02],
        [3.6900e+02, 1.5240e+03, 4.3300e+02, 1.7090e+03],
        [4.5300e+02, 5.9500e+02, 5.1700e+02, 7.8000e+02],
        [2.0000e+02, 1.4960e+03, 2.6400e+02, 1.6810e+03],
        [1.7140e+03, 7.6200e+02, 1.7780e+03, 9.4700e+02],
        [1.5750e+03, 1.5510e+03, 1.6390e+03, 1.7360e+03],
        [1.0890e+03, 5.1200e+02, 1.1530e+03, 6.9700e+02],
        [5.1200e+02, 1.7020e+03, 5.7600e+02, 1.8870e+03],
        [1.7840e+03, 3.0200e+02, 1.8480e+03, 4.8700e+02],
        [9.3300e+02, 2.8100e+02, 9.9700e+02, 4.6600e+02],
        [7.7000e+02, 7.0300e+02, 8.3400e+02, 8.8800e+02],
        [3.7300e+02, 1.1990e+03, 4.3700e+02, 1.3840e+03],
        [4.8500e+02, 1.8500e+02, 5.4900e+02, 3.7000e+02],
        [1.9220e+03, 1.6980e+03, 1.9860e+03, 1.8830e+03],
        [7.6500e+02, 1.5890e+03, 8.2900e+02, 1.7740e+03],
        [2.6700e+02, 9.1700e+02, 3.3100e+02, 1.1020e+03]])
Target Labels: tensor([2, 2, 2, 2, 2, 2, 2, 2, 2, 2, 2, 2, 2, 2, 2, 2, 2, 2, 2, 2, 2, 2, 2, 2,
        2, 2, 2, 2, 2, 2, 2, 2, 2, 2, 2, 2, 2, 2, 2, 2, 2, 2, 2])
Boxes dtype: torch.float32
Labels dtype: torch.int64
------------------------------
Örnek 2:
Set Name: LineDataset Training Set
Image Tensor Shape: torch.Size([1, 2048, 2048])
Target Boxes: tensor([[ 657., 1134.,  721., 1172.],
        [1389.,  999., 1453., 1037.],
        [1722., 1699., 1786., 1737.],
        [1645., 1533., 1709., 1571.],
        [ 739., 1890.,  803., 1928.],
        [ 649., 1169.,  713., 1207.],
        [1282.,  247., 1346.,  285.],
        [1528., 1039., 1592., 1077.],
        [1326.,  616., 1390.,  654.],
        [ 835.,  558.,  899.,  596.],
        [1355., 1891., 1419., 1929.],
        [1612., 1863., 1676., 1901.],
        [1188., 1147., 1252., 1185.],
        [1167., 1393., 1231., 1431.],
        [ 943.,  317., 1007.,  355.],
        [ 536., 1710.,  600., 1748.],
        [ 636.,  227.,  700.,  265.],
        [1570.,   54., 1634.,   92.],
        [1530.,  610., 1594.,  648.],
        [1607.,  355., 1671.,  393.],
        [1674., 1383., 1738., 1421.],
        [1151.,  682., 1215.,  720.],
        [1673., 1169., 1737., 1207.],
        [1479., 1116., 1543., 1154.],
        [ 942.,  357., 1006.,  395.],
        [ 160.,  302.,  224.,  340.],
        [1703.,  700., 1767.,  738.],
        [ 481., 1302.,  545., 1340.],
        [  51., 1439.,  115., 1477.],
        [ 234.,  883.,  298.,  921.],
        [1602.,  905., 1666.,  943.],
        [1459.,  534., 1523.,  572.],
        [1105., 1945., 1169., 1983.],
        [ 787., 1057.,  851., 1095.],
        [ 415.,  474.,  479.,  512.],
        [ 435.,  810.,  499.,  848.],
        [ 726., 1976.,  790., 2014.],
        [1194., 1670., 1258., 1708.],
        [1882.,  578., 1946.,  616.]])
Target Labels: tensor([2, 2, 2, 2, 2, 2, 2, 2, 2, 2, 2, 2, 2, 2, 2, 2, 2, 2, 2, 2, 2, 2, 2, 2,
        2, 2, 2, 2, 2, 2, 2, 2, 2, 2, 2, 2, 2, 2, 2])
Boxes dtype: torch.float32
Labels dtype: torch.int64
------------------------------
Örnek 3:
Set Name: LineDataset Training Set
Image Tensor Shape: torch.Size([1, 2048, 2048])
Target Boxes: tensor([[1523.,  141., 1587.,  220.],
        [ 332.,   67.,  396.,  146.],
        [1015., 1532., 1079., 1611.],
        [ 416., 1031.,  480., 1110.],
        [1449.,  377., 1513.,  456.],
        [ 683., 1528.,  747., 1607.],
        [1298.,  424., 1362.,  503.],
        [ 886.,  611.,  950.,  690.],
        [1665.,  643., 1729.,  722.],
        [ 619., 1960.,  683., 2039.],
        [ 853.,  326.,  917.,  405.],
        [1098.,  337., 1162.,  416.],
        [1465.,  175., 1529.,  254.],
        [1247., 1179., 1311., 1258.],
        [ 628.,  388.,  692.,  467.],
        [1604., 1842., 1668., 1921.],
        [1349., 1031., 1413., 1110.],
        [1245.,  571., 1309.,  650.],
        [ 479.,  445.,  543.,  524.],
        [ 466.,  115.,  530.,  194.],
        [ 780., 1767.,  844., 1846.],
        [1140., 1941., 1204., 2020.],
        [ 742.,  714.,  806.,  793.],
        [1689., 1805., 1753., 1884.],
        [1720.,  640., 1784.,  719.],
        [1279., 1978., 1343., 2048.],
        [1040.,  230., 1104.,  309.],
        [ 252.,  874.,  316.,  953.],
        [ 612.,  402.,  676.,  481.],
        [ 217., 1977.,  281., 2048.],
        [1978., 1148., 2042., 1227.],
        [1535., 1017., 1599., 1096.],
        [ 752., 1570.,  816., 1649.],
        [  97., 1329.,  161., 1408.],
        [  56., 1188.,  120., 1267.],
        [ 901.,  582.,  965.,  661.],
        [ 655.,   54.,  719.,  133.],
        [1721., 1403., 1785., 1482.],
        [1452.,  966., 1516., 1045.],
        [ 836., 1234.,  900., 1313.],
        [1722., 1091., 1786., 1170.],
        [ 616., 1701.,  680., 1780.],
        [1421.,  784., 1485.,  863.],
        [1540.,  197., 1604.,  276.]])
Target Labels: tensor([2, 2, 2, 2, 2, 2, 2, 2, 2, 2, 2, 2, 2, 2, 2, 2, 2, 2, 2, 2, 2, 2, 2, 2,
        2, 2, 2, 2, 2, 2, 2, 2, 2, 2, 2, 2, 2, 2, 2, 2, 2, 2, 2, 2])
Boxes dtype: torch.float32
Labels dtype: torch.int64
------------------------------
Örnek 4:
Set Name: LineDataset Training Set
Image Tensor Shape: torch.Size([1, 2048, 2048])
Target Boxes: tensor([[ 139., 1176.,  203., 1313.],
        [1959., 1376., 2023., 1513.],
        [1846., 1148., 1910., 1285.],
        [ 693.,  698.,  757.,  835.],
        [ 194.,  746.,  258.,  883.],
        [ 149.,  640.,  213.,  777.],
        [1894., 1346., 1958., 1483.],
        [1183., 1566., 1247., 1703.],
        [  24., 1105.,   88., 1242.],
        [ 409., 1468.,  473., 1605.],
        [ 279.,  977.,  343., 1114.],
        [1691.,  826., 1755.,  963.],
        [ 895., 1495.,  959., 1632.],
        [1196.,  411., 1260.,  548.],
        [ 179., 1956.,  243., 2048.],
        [ 268.,   25.,  332.,  162.],
        [1956., 1595., 2020., 1732.],
        [ 118.,  496.,  182.,  633.],
        [1579., 1041., 1643., 1178.],
        [1881.,  933., 1945., 1070.],
        [1085., 1300., 1149., 1437.],
        [ 478.,  890.,  542., 1027.],
        [1806.,  195., 1870.,  332.],
        [1786., 1097., 1850., 1234.],
        [ 976.,  792., 1040.,  929.],
        [ 938., 1107., 1002., 1244.],
        [1215., 1673., 1279., 1810.],
        [ 456.,  961.,  520., 1098.],
        [1884., 1767., 1948., 1904.],
        [ 146., 1758.,  210., 1895.],
        [ 482.,  443.,  546.,  580.],
        [1682., 1324., 1746., 1461.],
        [1721.,  783., 1785.,  920.],
        [  83.,  471.,  147.,  608.],
        [1645., 1480., 1709., 1617.],
        [1838.,  853., 1902.,  990.],
        [1422., 1553., 1486., 1690.],
        [ 874.,   35.,  938.,  172.],
        [1121.,  688., 1185.,  825.],
        [ 382., 1102.,  446., 1239.],
        [ 773., 1631.,  837., 1768.],
        [1031.,  245., 1095.,  382.],
        [ 897., 1501.,  961., 1638.]])
Target Labels: tensor([2, 2, 2, 2, 2, 2, 2, 2, 2, 2, 2, 2, 2, 2, 2, 2, 2, 2, 2, 2, 2, 2, 2, 2,
        2, 2, 2, 2, 2, 2, 2, 2, 2, 2, 2, 2, 2, 2, 2, 2, 2, 2, 2])
Boxes dtype: torch.float32
Labels dtype: torch.int64
------------------------------
Örnek 5:
Set Name: LineDataset Training Set
Image Tensor Shape: torch.Size([1, 2048, 2048])
Target Boxes: tensor([[1703., 1624., 1767., 1705.],
        [  63., 1764.,  127., 1845.],
        [ 912.,  560.,  976.,  641.],
        [1090.,  854., 1154.,  935.],
        [1195., 1461., 1259., 1542.],
        [1313., 1009., 1377., 1090.],
        [ 903., 1707.,  967., 1788.],
        [1953., 1959., 2017., 2040.],
        [ 379., 1590.,  443., 1671.],
        [1910., 1903., 1974., 1984.],
        [1672., 1138., 1736., 1219.],
        [1229.,   52., 1293.,  133.],
        [ 218., 1535.,  282., 1616.],
        [1483.,  554., 1547.,  635.],
        [ 289.,  223.,  353.,  304.],
        [1970.,  431., 2034.,  512.],
        [1297., 1894., 1361., 1975.],
        [ 914.,  491.,  978.,  572.],
        [1694.,  826., 1758.,  907.],
        [1717., 1545., 1781., 1626.],
        [ 430.,  854.,  494.,  935.],
        [1436., 1352., 1500., 1433.],
        [1716.,  798., 1780.,  879.],
        [ 117.,  967.,  181., 1048.],
        [ 507., 1054.,  571., 1135.],
        [ 106.,   50.,  170.,  131.],
        [1126., 1585., 1190., 1666.],
        [ 548., 1132.,  612., 1213.],
        [ 388., 1829.,  452., 1910.],
        [1040.,  945., 1104., 1026.],
        [ 804., 1871.,  868., 1952.],
        [1079.,  289., 1143.,  370.],
        [1702.,  578., 1766.,  659.],
        [1308., 1001., 1372., 1082.],
        [1163.,  161., 1227.,  242.],
        [  71.,  627.,  135.,  708.],
        [ 938.,   47., 1002.,  128.],
        [1365., 1888., 1429., 1969.],
        [1892.,  772., 1956.,  853.],
        [1561.,  296., 1625.,  377.],
        [1490.,  465., 1554.,  546.],
        [ 786.,  805.,  850.,  886.],
        [ 244.,  531.,  308.,  612.],
        [1084., 1983., 1148., 2048.],
        [1338.,  587., 1402.,  668.],
        [1872.,  254., 1936.,  335.],
        [1790., 1827., 1854., 1908.]])
Target Labels: tensor([2, 2, 2, 2, 2, 2, 2, 2, 2, 2, 2, 2, 2, 2, 2, 2, 2, 2, 2, 2, 2, 2, 2, 2,
        2, 2, 2, 2, 2, 2, 2, 2, 2, 2, 2, 2, 2, 2, 2, 2, 2, 2, 2, 2, 2, 2, 2])
Boxes dtype: torch.float32
Labels dtype: torch.int64
------------------------------

LineDataset Validation Set - İlk 5 veri:
Örnek 1:
Set Name: LineDataset Validation Set
Image Tensor Shape: torch.Size([1, 2048, 2048])
Target Boxes: tensor([[ 806., 1887.,  870., 1905.],
        [1393.,  604., 1457.,  622.],
        [1359.,  146., 1423.,  164.],
        [ 101.,  914.,  165.,  932.],
        [ 330.,  927.,  394.,  945.],
        [1927.,  339., 1991.,  357.],
        [1594.,  937., 1658.,  955.],
        [ 480.,  587.,  544.,  605.],
        [1591.,  417., 1655.,  435.],
        [1375., 1479., 1439., 1497.],
        [  26.,  951.,   90.,  969.],
        [ 106., 1891.,  170., 1909.],
        [ 319., 1221.,  383., 1239.],
        [ 618.,  637.,  682.,  655.],
        [1150.,  861., 1214.,  879.],
        [1112.,  255., 1176.,  273.],
        [1704.,  628., 1768.,  646.],
        [1433., 1772., 1497., 1790.],
        [1242., 1828., 1306., 1846.],
        [1712., 1072., 1776., 1090.],
        [ 515.,  848.,  579.,  866.],
        [ 768.,  430.,  832.,  448.],
        [ 981.,  844., 1045.,  862.],
        [1578.,  948., 1642.,  966.],
        [ 439., 1309.,  503., 1327.],
        [1422.,  920., 1486.,  938.],
        [1004., 1603., 1068., 1621.],
        [ 290., 1572.,  354., 1590.],
        [1396., 1013., 1460., 1031.],
        [1198.,  742., 1262.,  760.],
        [ 630.,  225.,  694.,  243.],
        [ 899.,  959.,  963.,  977.],
        [ 783., 1733.,  847., 1751.],
        [1917., 1719., 1981., 1737.],
        [ 313.,   15.,  377.,   33.],
        [ 819., 1563.,  883., 1581.],
        [1893., 1803., 1957., 1821.],
        [1505.,  912., 1569.,  930.],
        [1574., 1097., 1638., 1115.],
        [1307., 1873., 1371., 1891.],
        [1920.,  148., 1984.,  166.],
        [1527.,  849., 1591.,  867.],
        [1306., 1847., 1370., 1865.],
        [ 213.,  570.,  277.,  588.]])
Target Labels: tensor([2, 2, 2, 2, 2, 2, 2, 2, 2, 2, 2, 2, 2, 2, 2, 2, 2, 2, 2, 2, 2, 2, 2, 2,
        2, 2, 2, 2, 2, 2, 2, 2, 2, 2, 2, 2, 2, 2, 2, 2, 2, 2, 2, 2])
Boxes dtype: torch.float32
Labels dtype: torch.int64
------------------------------
Örnek 2:
Set Name: LineDataset Validation Set
Image Tensor Shape: torch.Size([1, 2048, 2048])
Target Boxes: tensor([[1281., 1219., 1345., 1457.],
        [ 356., 1028.,  420., 1266.],
        [1169.,  133., 1233.,  371.],
        [ 238., 1412.,  302., 1650.],
        [ 164.,  901.,  228., 1139.],
        [ 334.,  784.,  398., 1022.],
        [1617., 1328., 1681., 1566.],
        [1389., 1011., 1453., 1249.],
        [  15., 1434.,   79., 1672.],
        [1555.,  899., 1619., 1137.],
        [1312., 1763., 1376., 2001.],
        [1801., 1859., 1865., 2048.],
        [ 890., 1818.,  954., 2048.],
        [ 119.,  144.,  183.,  382.],
        [1568., 1465., 1632., 1703.],
        [1864., 1835., 1928., 2048.],
        [ 978., 1438., 1042., 1676.],
        [ 910., 1736.,  974., 1974.],
        [1441.,  331., 1505.,  569.],
        [ 308., 1690.,  372., 1928.],
        [ 180., 1825.,  244., 2048.],
        [ 418., 1548.,  482., 1786.],
        [ 434., 1329.,  498., 1567.]])
Target Labels: tensor([2, 2, 2, 2, 2, 2, 2, 2, 2, 2, 2, 2, 2, 2, 2, 2, 2, 2, 2, 2, 2, 2, 2])
Boxes dtype: torch.float32
Labels dtype: torch.int64
------------------------------
Örnek 3:
Set Name: LineDataset Validation Set
Image Tensor Shape: torch.Size([1, 2048, 2048])
Target Boxes: tensor([[1710., 1399., 1774., 1440.],
        [ 256.,   35.,  320.,   76.],
        [ 900.,   50.,  964.,   91.],
        [1548.,  410., 1612.,  451.],
        [ 624.,  704.,  688.,  745.],
        [ 967., 1713., 1031., 1754.],
        [ 875.,  755.,  939.,  796.],
        [ 746., 1103.,  810., 1144.],
        [1283., 1613., 1347., 1654.],
        [1337.,  668., 1401.,  709.],
        [ 868.,   94.,  932.,  135.],
        [ 704.,  182.,  768.,  223.],
        [1327., 1975., 1391., 2016.],
        [  12., 1543.,   76., 1584.],
        [ 759.,  706.,  823.,  747.],
        [1134.,  763., 1198.,  804.],
        [ 477.,  869.,  541.,  910.],
        [ 874., 1299.,  938., 1340.],
        [1365., 1796., 1429., 1837.],
        [1155., 1274., 1219., 1315.],
        [1641.,  196., 1705.,  237.],
        [1296., 1613., 1360., 1654.],
        [ 431., 1300.,  495., 1341.],
        [ 195., 1148.,  259., 1189.],
        [1641.,  932., 1705.,  973.],
        [1477., 1811., 1541., 1852.],
        [ 357.,  396.,  421.,  437.],
        [ 505.,  758.,  569.,  799.],
        [1564.,  682., 1628.,  723.],
        [1672.,  670., 1736.,  711.],
        [ 766.,  398.,  830.,  439.],
        [1735.,  880., 1799.,  921.],
        [ 424., 1654.,  488., 1695.],
        [1849., 1741., 1913., 1782.],
        [1759.,  369., 1823.,  410.],
        [ 463., 1228.,  527., 1269.],
        [1868., 1480., 1932., 1521.],
        [ 433.,  386.,  497.,  427.],
        [ 103.,  303.,  167.,  344.],
        [ 570., 1966.,  634., 2007.],
        [ 804.,  594.,  868.,  635.],
        [ 958.,  657., 1022.,  698.],
        [1350., 1698., 1414., 1739.],
        [1095.,  748., 1159.,  789.],
        [1599., 1225., 1663., 1266.]])
Target Labels: tensor([2, 2, 2, 2, 2, 2, 2, 2, 2, 2, 2, 2, 2, 2, 2, 2, 2, 2, 2, 2, 2, 2, 2, 2,
        2, 2, 2, 2, 2, 2, 2, 2, 2, 2, 2, 2, 2, 2, 2, 2, 2, 2, 2, 2, 2])
Boxes dtype: torch.float32
Labels dtype: torch.int64
------------------------------
Örnek 4:
Set Name: LineDataset Validation Set
Image Tensor Shape: torch.Size([1, 2048, 2048])
Target Boxes: tensor([[4.2100e+02, 2.5500e+02, 4.8500e+02, 3.5300e+02],
        [4.2700e+02, 1.5340e+03, 4.9100e+02, 1.6320e+03],
        [1.8300e+02, 4.0600e+02, 2.4700e+02, 5.0400e+02],
        [5.4000e+01, 5.5000e+01, 1.1800e+02, 1.5300e+02],
        [5.6300e+02, 1.2100e+02, 6.2700e+02, 2.1900e+02],
        [8.5800e+02, 1.6770e+03, 9.2200e+02, 1.7750e+03],
        [5.2000e+01, 2.0000e+00, 1.1600e+02, 1.0000e+02],
        [1.9200e+02, 6.0700e+02, 2.5600e+02, 7.0500e+02],
        [3.7000e+02, 9.1000e+01, 4.3400e+02, 1.8900e+02],
        [1.2190e+03, 7.7500e+02, 1.2830e+03, 8.7300e+02],
        [1.3250e+03, 1.1320e+03, 1.3890e+03, 1.2300e+03],
        [1.9670e+03, 1.3200e+03, 2.0310e+03, 1.4180e+03],
        [1.3800e+02, 5.4200e+02, 2.0200e+02, 6.4000e+02],
        [1.4400e+02, 1.5740e+03, 2.0800e+02, 1.6720e+03],
        [1.8120e+03, 7.9800e+02, 1.8760e+03, 8.9600e+02],
        [1.9700e+03, 6.2000e+02, 2.0340e+03, 7.1800e+02],
        [9.5800e+02, 4.6000e+02, 1.0220e+03, 5.5800e+02],
        [2.5100e+02, 1.9700e+02, 3.1500e+02, 2.9500e+02],
        [1.8190e+03, 1.8170e+03, 1.8830e+03, 1.9150e+03],
        [8.1800e+02, 1.8130e+03, 8.8200e+02, 1.9110e+03],
        [5.5000e+02, 7.6400e+02, 6.1400e+02, 8.6200e+02],
        [1.5080e+03, 1.2220e+03, 1.5720e+03, 1.3200e+03]])
Target Labels: tensor([2, 2, 2, 2, 2, 2, 2, 2, 2, 2, 2, 2, 2, 2, 2, 2, 2, 2, 2, 2, 2, 2])
Boxes dtype: torch.float32
Labels dtype: torch.int64
------------------------------
Örnek 5:
Set Name: LineDataset Validation Set
Image Tensor Shape: torch.Size([1, 2048, 2048])
Target Boxes: tensor([[1435., 1195., 1499., 1229.],
        [1675., 1879., 1739., 1913.],
        [ 768., 1029.,  832., 1063.],
        [1815.,  594., 1879.,  628.],
        [1247., 1190., 1311., 1224.],
        [1462., 1506., 1526., 1540.],
        [ 713.,  166.,  777.,  200.],
        [ 120.,  666.,  184.,  700.],
        [1478., 1482., 1542., 1516.],
        [1855.,  595., 1919.,  629.],
        [ 519., 1110.,  583., 1144.],
        [1243., 1005., 1307., 1039.],
        [  27., 1210.,   91., 1244.],
        [1329.,  790., 1393.,  824.],
        [1902.,  146., 1966.,  180.],
        [ 822., 1865.,  886., 1899.],
        [1642., 1756., 1706., 1790.],
        [ 129.,  134.,  193.,  168.],
        [1165.,  915., 1229.,  949.],
        [ 179.,  765.,  243.,  799.],
        [ 943., 1785., 1007., 1819.],
        [ 357.,  554.,  421.,  588.],
        [1933.,  788., 1997.,  822.],
        [ 861.,  642.,  925.,  676.],
        [1778.,  794., 1842.,  828.],
        [1297., 1458., 1361., 1492.],
        [ 910.,  511.,  974.,  545.],
        [1285., 1017., 1349., 1051.],
        [ 194., 1627.,  258., 1661.],
        [ 729., 1604.,  793., 1638.],
        [ 209., 1949.,  273., 1983.]])
Target Labels: tensor([2, 2, 2, 2, 2, 2, 2, 2, 2, 2, 2, 2, 2, 2, 2, 2, 2, 2, 2, 2, 2, 2, 2, 2,
        2, 2, 2, 2, 2, 2, 2])
Boxes dtype: torch.float32
Labels dtype: torch.int64
------------------------------

LineDataset Test Set - İlk 5 veri:
Örnek 1:
Set Name: LineDataset Test Set
Image Tensor Shape: torch.Size([1, 2048, 2048])
Target Boxes: tensor([[ 563., 1163.,  627., 1194.],
        [ 172.,  403.,  236.,  434.],
        [1559.,  327., 1623.,  358.],
        [ 346., 1427.,  410., 1458.],
        [1345., 1407., 1409., 1438.],
        [1573.,   77., 1637.,  108.],
        [1765.,  284., 1829.,  315.],
        [1660.,  988., 1724., 1019.],
        [ 817.,  554.,  881.,  585.],
        [ 535.,  156.,  599.,  187.],
        [1658., 1172., 1722., 1203.],
        [1848., 1349., 1912., 1380.],
        [1603.,  329., 1667.,  360.],
        [1179.,  526., 1243.,  557.],
        [1379., 1340., 1443., 1371.],
        [ 950.,  267., 1014.,  298.],
        [1719., 1798., 1783., 1829.],
        [ 321.,   81.,  385.,  112.],
        [1740., 1338., 1804., 1369.],
        [1073., 1553., 1137., 1584.],
        [1479.,  770., 1543.,  801.],
        [ 531., 1244.,  595., 1275.],
        [1970., 1957., 2034., 1988.],
        [1270.,  968., 1334.,  999.],
        [1385.,   31., 1449.,   62.],
        [1202., 1961., 1266., 1992.],
        [ 582., 1634.,  646., 1665.],
        [ 476., 1655.,  540., 1686.],
        [1494., 1728., 1558., 1759.],
        [1787., 1499., 1851., 1530.],
        [ 191.,   26.,  255.,   57.],
        [ 594., 1481.,  658., 1512.],
        [1221.,  226., 1285.,  257.],
        [1666., 1102., 1730., 1133.],
        [ 659., 1298.,  723., 1329.],
        [1832.,  487., 1896.,  518.],
        [ 898., 1680.,  962., 1711.],
        [1032., 1498., 1096., 1529.],
        [1011., 1109., 1075., 1140.],
        [1965., 1403., 2029., 1434.],
        [1539.,   87., 1603.,  118.]])
Target Labels: tensor([2, 2, 2, 2, 2, 2, 2, 2, 2, 2, 2, 2, 2, 2, 2, 2, 2, 2, 2, 2, 2, 2, 2, 2,
        2, 2, 2, 2, 2, 2, 2, 2, 2, 2, 2, 2, 2, 2, 2, 2, 2])
Boxes dtype: torch.float32
Labels dtype: torch.int64
------------------------------
Örnek 2:
Set Name: LineDataset Test Set
Image Tensor Shape: torch.Size([1, 2048, 2048])
Target Boxes: tensor([[ 754., 1544.,  818., 1559.],
        [  18.,  323.,   82.,  338.],
        [ 812.,  617.,  876.,  632.],
        [ 509., 1280.,  573., 1295.],
        [ 903., 1314.,  967., 1329.],
        [ 136.,  866.,  200.,  881.],
        [ 565.,  634.,  629.,  649.],
        [1593.,  360., 1657.,  375.],
        [ 432., 1665.,  496., 1680.],
        [1662.,  389., 1726.,  404.],
        [1358., 1880., 1422., 1895.],
        [ 925.,    3.,  989.,   18.],
        [1201., 1124., 1265., 1139.],
        [1610.,  209., 1674.,  224.],
        [1459., 1711., 1523., 1726.],
        [ 665.,  894.,  729.,  909.],
        [1666.,  988., 1730., 1003.],
        [ 506.,  278.,  570.,  293.],
        [ 890.,  533.,  954.,  548.],
        [ 339., 1534.,  403., 1549.]])
Target Labels: tensor([2, 2, 2, 2, 2, 2, 2, 2, 2, 2, 2, 2, 2, 2, 2, 2, 2, 2, 2, 2])
Boxes dtype: torch.float32
Labels dtype: torch.int64
------------------------------
Örnek 3:
Set Name: LineDataset Test Set
Image Tensor Shape: torch.Size([1, 2048, 2048])
Target Boxes: tensor([[1622.,  373., 1686.,  411.],
        [ 403.,  346.,  467.,  384.],
        [1496., 1171., 1560., 1209.],
        [  50.,  682.,  114.,  720.],
        [ 252.,  103.,  316.,  141.],
        [ 415., 1840.,  479., 1878.],
        [1745.,   19., 1809.,   57.],
        [1438., 1834., 1502., 1872.],
        [ 483.,  387.,  547.,  425.],
        [1055.,   33., 1119.,   71.],
        [ 817.,  534.,  881.,  572.],
        [1506., 1977., 1570., 2015.],
        [ 426., 1478.,  490., 1516.],
        [ 518., 1840.,  582., 1878.],
        [1015.,  426., 1079.,  464.],
        [1271., 1476., 1335., 1514.],
        [  53., 1607.,  117., 1645.],
        [  82.,  568.,  146.,  606.],
        [1771.,  583., 1835.,  621.],
        [1024.,  763., 1088.,  801.],
        [1454.,  445., 1518.,  483.],
        [1365.,  534., 1429.,  572.],
        [1730., 1132., 1794., 1170.],
        [1899., 1173., 1963., 1211.],
        [1272.,  806., 1336.,  844.],
        [1230., 1076., 1294., 1114.],
        [1463., 1297., 1527., 1335.],
        [ 525., 1458.,  589., 1496.],
        [1188., 1076., 1252., 1114.],
        [1583., 1909., 1647., 1947.],
        [1279., 1423., 1343., 1461.],
        [1553.,  774., 1617.,  812.],
        [1714., 1333., 1778., 1371.],
        [ 361., 1776.,  425., 1814.],
        [1856.,  677., 1920.,  715.],
        [1922., 1654., 1986., 1692.],
        [1712.,  644., 1776.,  682.],
        [ 777., 1251.,  841., 1289.],
        [1980., 1503., 2044., 1541.],
        [ 723., 1795.,  787., 1833.],
        [ 417., 1069.,  481., 1107.],
        [1323., 1390., 1387., 1428.],
        [ 247., 1699.,  311., 1737.],
        [ 624.,  655.,  688.,  693.],
        [ 566., 1467.,  630., 1505.],
        [1731.,  739., 1795.,  777.],
        [1146., 1027., 1210., 1065.],
        [ 336., 1739.,  400., 1777.],
        [1420.,  741., 1484.,  779.],
        [  48.,  850.,  112.,  888.]])
Target Labels: tensor([2, 2, 2, 2, 2, 2, 2, 2, 2, 2, 2, 2, 2, 2, 2, 2, 2, 2, 2, 2, 2, 2, 2, 2,
        2, 2, 2, 2, 2, 2, 2, 2, 2, 2, 2, 2, 2, 2, 2, 2, 2, 2, 2, 2, 2, 2, 2, 2,
        2, 2])
Boxes dtype: torch.float32
Labels dtype: torch.int64
------------------------------
Örnek 4:
Set Name: LineDataset Test Set
Image Tensor Shape: torch.Size([1, 2048, 2048])
Target Boxes: tensor([[ 167.,   96.,  231.,  169.],
        [1974., 1840., 2038., 1913.],
        [1516., 1774., 1580., 1847.],
        [1126.,  897., 1190.,  970.],
        [ 621.,  632.,  685.,  705.],
        [ 453., 1562.,  517., 1635.],
        [1231.,  463., 1295.,  536.],
        [1326.,  158., 1390.,  231.],
        [ 543., 1514.,  607., 1587.],
        [1978.,  981., 2042., 1054.],
        [ 710.,  147.,  774.,  220.],
        [1639.,  408., 1703.,  481.],
        [ 841., 1925.,  905., 1998.],
        [ 219.,  924.,  283.,  997.],
        [1931., 1644., 1995., 1717.],
        [1786.,  274., 1850.,  347.],
        [ 514., 1000.,  578., 1073.],
        [1343., 1502., 1407., 1575.],
        [ 419., 1792.,  483., 1865.],
        [1200.,  471., 1264.,  544.],
        [  49., 1846.,  113., 1919.],
        [ 606.,  818.,  670.,  891.],
        [ 924., 1835.,  988., 1908.],
        [ 250.,  967.,  314., 1040.],
        [  83.,   71.,  147.,  144.],
        [1976., 1823., 2040., 1896.],
        [ 409.,  716.,  473.,  789.],
        [1186., 1768., 1250., 1841.],
        [ 858.,  579.,  922.,  652.],
        [1925., 1382., 1989., 1455.],
        [1914.,  187., 1978.,  260.],
        [  35.,  430.,   99.,  503.],
        [1323., 1900., 1387., 1973.],
        [1387., 1480., 1451., 1553.],
        [1305., 1239., 1369., 1312.],
        [1168.,  128., 1232.,  201.],
        [ 800., 1810.,  864., 1883.],
        [1279., 1300., 1343., 1373.],
        [1496.,  198., 1560.,  271.],
        [ 492., 1077.,  556., 1150.],
        [  22.,  829.,   86.,  902.]])
Target Labels: tensor([2, 2, 2, 2, 2, 2, 2, 2, 2, 2, 2, 2, 2, 2, 2, 2, 2, 2, 2, 2, 2, 2, 2, 2,
        2, 2, 2, 2, 2, 2, 2, 2, 2, 2, 2, 2, 2, 2, 2, 2, 2])
Boxes dtype: torch.float32
Labels dtype: torch.int64
------------------------------
Örnek 5:
Set Name: LineDataset Test Set
Image Tensor Shape: torch.Size([1, 2048, 2048])
Target Boxes: tensor([[ 355.,  499.,  419.,  609.],
        [1736.,  265., 1800.,  375.],
        [ 616., 1027.,  680., 1137.],
        [  30.,  876.,   94.,  986.],
        [1861.,  697., 1925.,  807.],
        [1482., 1650., 1546., 1760.],
        [1677.,  698., 1741.,  808.],
        [ 632.,  303.,  696.,  413.],
        [1332., 1774., 1396., 1884.],
        [1138.,  899., 1202., 1009.],
        [ 851., 1271.,  915., 1381.],
        [1122., 1233., 1186., 1343.],
        [ 368., 1861.,  432., 1971.],
        [ 247.,  916.,  311., 1026.],
        [1057.,  773., 1121.,  883.],
        [1584.,  836., 1648.,  946.],
        [1953., 1962., 2017., 2048.],
        [1666.,  893., 1730., 1003.],
        [ 797., 1327.,  861., 1437.],
        [  57., 1121.,  121., 1231.],
        [1317., 1152., 1381., 1262.],
        [1449.,  623., 1513.,  733.],
        [ 284., 1316.,  348., 1426.],
        [1242.,  823., 1306.,  933.],
        [1447.,  492., 1511.,  602.],
        [1504., 1232., 1568., 1342.],
        [ 635.,    8.,  699.,  118.],
        [1531., 1495., 1595., 1605.],
        [1010., 1575., 1074., 1685.],
        [1832., 1288., 1896., 1398.],
        [ 199., 1923.,  263., 2033.],
        [ 321., 1012.,  385., 1122.],
        [1571., 1269., 1635., 1379.],
        [1468.,    0., 1532.,  110.],
        [ 184., 1810.,  248., 1920.],
        [ 585.,  108.,  649.,  218.],
        [ 635.,  269.,  699.,  379.],
        [1788., 1789., 1852., 1899.],
        [1229., 1249., 1293., 1359.],
        [1588., 1719., 1652., 1829.],
        [ 248., 1455.,  312., 1565.],
        [ 959., 1726., 1023., 1836.],
        [ 765., 1171.,  829., 1281.],
        [1056.,  841., 1120.,  951.],
        [1827.,  249., 1891.,  359.],
        [  10., 1570.,   74., 1680.],
        [ 368.,  510.,  432.,  620.],
        [1166., 1065., 1230., 1175.]])
Target Labels: tensor([2, 2, 2, 2, 2, 2, 2, 2, 2, 2, 2, 2, 2, 2, 2, 2, 2, 2, 2, 2, 2, 2, 2, 2,
        2, 2, 2, 2, 2, 2, 2, 2, 2, 2, 2, 2, 2, 2, 2, 2, 2, 2, 2, 2, 2, 2, 2, 2])
Boxes dtype: torch.float32
Labels dtype: torch.int64
------------------------------
